{
 "cells": [
  {
   "cell_type": "markdown",
   "metadata": {},
   "source": [
    "<h1>Урок 8</h1>"
   ]
  },
  {
   "cell_type": "code",
   "execution_count": 1,
   "metadata": {},
   "outputs": [],
   "source": [
    "import numpy as np"
   ]
  },
  {
   "cell_type": "markdown",
   "metadata": {},
   "source": [
    "<h2>Сингулярное разложение матриц</h2>"
   ]
  },
  {
   "cell_type": "markdown",
   "metadata": {},
   "source": [
    "<b>1.</b>  Найти с помощью NumPy SVD для матрицы\n",
    "\n",
    "$$\\begin{pmatrix}\n",
    "1 & 2 & 0\\\\ \n",
    "0 & 0 & 5\\\\ \n",
    "3 & -4 & 2\\\\ \n",
    "1 & 6 & 5\\\\ \n",
    "0 & 1 & 0\n",
    "\\end{pmatrix}.$$"
   ]
  },
  {
   "cell_type": "markdown",
   "metadata": {},
   "source": [
    "<b>Решение</b>"
   ]
  },
  {
   "cell_type": "code",
   "execution_count": 2,
   "metadata": {},
   "outputs": [],
   "source": [
    "A = np.array([[1, 2, 0], [0, 0, 5], [3, -4, 2], [1, 6, 5], [0, 1, 0]])"
   ]
  },
  {
   "cell_type": "markdown",
   "metadata": {},
   "source": [
    "Получим разложение матрицы"
   ]
  },
  {
   "cell_type": "code",
   "execution_count": 3,
   "metadata": {},
   "outputs": [
    {
     "data": {
      "text/plain": [
       "array([[ 0.17056501,  0.15680918, -0.53077508, -0.79905375, -0.16158397],\n",
       "       [ 0.39287016, -0.52933945,  0.6134793 , -0.43375771,  0.03082495],\n",
       "       [-0.14366152, -0.82449256, -0.52379105,  0.14049848,  0.07400343],\n",
       "       [ 0.88843702,  0.06074346, -0.24655277,  0.37755832, -0.06042632],\n",
       "       [ 0.08125046,  0.10831843, -0.08231425, -0.10524851,  0.98173958]])"
      ]
     },
     "execution_count": 3,
     "metadata": {},
     "output_type": "execute_result"
    }
   ],
   "source": [
    "U, s, W = np.linalg.svd(A)\n",
    "U"
   ]
  },
  {
   "cell_type": "markdown",
   "metadata": {},
   "source": [
    "<b>Проверка</b>\n",
    "\n",
    "Убедимся что матрица U диагональная"
   ]
  },
  {
   "cell_type": "code",
   "execution_count": 4,
   "metadata": {},
   "outputs": [
    {
     "data": {
      "text/plain": [
       "array([[ 1.00000000e+00,  3.19674802e-16, -3.99355622e-16,\n",
       "         1.35663262e-17, -8.83091830e-18],\n",
       "       [ 3.19674802e-16,  1.00000000e+00,  3.63628026e-16,\n",
       "         7.29367646e-17,  3.15830273e-17],\n",
       "       [-3.99355622e-16,  3.63628026e-16,  1.00000000e+00,\n",
       "        -1.56755518e-16, -7.11991378e-17],\n",
       "       [ 1.35663262e-17,  7.29367646e-17, -1.56755518e-16,\n",
       "         1.00000000e+00, -2.63859021e-17],\n",
       "       [-8.83091830e-18,  3.15830273e-17, -7.11991378e-17,\n",
       "        -2.63859021e-17,  1.00000000e+00]])"
      ]
     },
     "execution_count": 4,
     "metadata": {},
     "output_type": "execute_result"
    }
   ],
   "source": [
    "np.dot(U.T, U)"
   ]
  },
  {
   "cell_type": "code",
   "execution_count": 5,
   "metadata": {},
   "outputs": [
    {
     "data": {
      "text/plain": [
       "(array([8.82486885, 6.14060608, 2.53271528]),\n",
       " array([[ 0.07116451,  0.71702467,  0.69340553],\n",
       "        [-0.36737824,  0.66514082, -0.65009301],\n",
       "        [-0.92734505, -0.20847855,  0.31075368]]))"
      ]
     },
     "execution_count": 5,
     "metadata": {},
     "output_type": "execute_result"
    }
   ],
   "source": [
    "s, W"
   ]
  },
  {
   "cell_type": "markdown",
   "metadata": {},
   "source": [
    "Убедимся что матрица W диагональная"
   ]
  },
  {
   "cell_type": "code",
   "execution_count": 6,
   "metadata": {},
   "outputs": [
    {
     "data": {
      "text/plain": [
       "array([[ 1.00000000e+00,  1.82303571e-17,  8.52175949e-18],\n",
       "       [ 1.82303571e-17,  1.00000000e+00, -1.70552412e-16],\n",
       "       [ 8.52175949e-18, -1.70552412e-16,  1.00000000e+00]])"
      ]
     },
     "execution_count": 6,
     "metadata": {},
     "output_type": "execute_result"
    }
   ],
   "source": [
    "np.dot(W.T, W)"
   ]
  },
  {
   "cell_type": "markdown",
   "metadata": {},
   "source": [
    "Получим матрицу V"
   ]
  },
  {
   "cell_type": "code",
   "execution_count": 7,
   "metadata": {},
   "outputs": [
    {
     "data": {
      "text/plain": [
       "array([[ 0.07116451, -0.36737824, -0.92734505],\n",
       "       [ 0.71702467,  0.66514082, -0.20847855],\n",
       "       [ 0.69340553, -0.65009301,  0.31075368]])"
      ]
     },
     "execution_count": 7,
     "metadata": {},
     "output_type": "execute_result"
    }
   ],
   "source": [
    "V = W.T\n",
    "V"
   ]
  },
  {
   "cell_type": "markdown",
   "metadata": {},
   "source": [
    "Найдем матрицу преобразования D"
   ]
  },
  {
   "cell_type": "code",
   "execution_count": 8,
   "metadata": {},
   "outputs": [
    {
     "data": {
      "text/plain": [
       "array([[0., 0., 0.],\n",
       "       [0., 0., 0.],\n",
       "       [0., 0., 0.],\n",
       "       [0., 0., 0.],\n",
       "       [0., 0., 0.]])"
      ]
     },
     "execution_count": 8,
     "metadata": {},
     "output_type": "execute_result"
    }
   ],
   "source": [
    "D = np.zeros_like(A, dtype=float)\n",
    "D"
   ]
  },
  {
   "cell_type": "code",
   "execution_count": 9,
   "metadata": {},
   "outputs": [
    {
     "data": {
      "text/plain": [
       "array([[8.82486885, 0.        , 0.        ],\n",
       "       [0.        , 6.14060608, 0.        ],\n",
       "       [0.        , 0.        , 2.53271528],\n",
       "       [0.        , 0.        , 0.        ],\n",
       "       [0.        , 0.        , 0.        ]])"
      ]
     },
     "execution_count": 9,
     "metadata": {},
     "output_type": "execute_result"
    }
   ],
   "source": [
    "D[np.diag_indices(min(A.shape))] = s\n",
    "D"
   ]
  },
  {
   "cell_type": "markdown",
   "metadata": {},
   "source": [
    "Проведем проверку вычисления"
   ]
  },
  {
   "cell_type": "code",
   "execution_count": 10,
   "metadata": {},
   "outputs": [
    {
     "data": {
      "text/plain": [
       "array([[ 1.00000000e+00,  2.00000000e+00,  1.31018987e-15],\n",
       "       [ 1.93009612e-16, -2.66609409e-15,  5.00000000e+00],\n",
       "       [ 3.00000000e+00, -4.00000000e+00,  2.00000000e+00],\n",
       "       [ 1.00000000e+00,  6.00000000e+00,  5.00000000e+00],\n",
       "       [-5.49534701e-17,  1.00000000e+00, -3.02821608e-17]])"
      ]
     },
     "execution_count": 10,
     "metadata": {},
     "output_type": "execute_result"
    }
   ],
   "source": [
    "np.dot(np.dot(U, D), V.T)"
   ]
  },
  {
   "cell_type": "code",
   "execution_count": 11,
   "metadata": {},
   "outputs": [
    {
     "data": {
      "text/plain": [
       "array([[-3.33066907e-16,  1.33226763e-15,  1.31018987e-15],\n",
       "       [ 1.93009612e-16, -2.66609409e-15,  0.00000000e+00],\n",
       "       [ 8.88178420e-16, -1.77635684e-15,  2.22044605e-15],\n",
       "       [ 0.00000000e+00,  1.77635684e-15,  8.88178420e-16],\n",
       "       [-5.49534701e-17,  4.44089210e-16, -3.02821608e-17]])"
      ]
     },
     "execution_count": 11,
     "metadata": {},
     "output_type": "execute_result"
    }
   ],
   "source": [
    "np.dot(np.dot(U, D), V.T) - A"
   ]
  },
  {
   "cell_type": "markdown",
   "metadata": {},
   "source": [
    "<b>2.</b> Для матрицы из предыдущего задания найти:\n",
    "\n",
    "а) евклидову норму;"
   ]
  },
  {
   "cell_type": "code",
   "execution_count": 12,
   "metadata": {},
   "outputs": [
    {
     "name": "stdout",
     "output_type": "stream",
     "text": [
      "Trial(Euclidean norm) = 8.824868854820444\n",
      "\n",
      "Check(Euclidean norm) = 8.824868854820444\n",
      "\n"
     ]
    }
   ],
   "source": [
    "E_norm = D[0][0]\n",
    "print(f'Trial(Euclidean norm) = {E_norm}\\n')\n",
    "print(f'Check(Euclidean norm) = {np.linalg.norm(A, ord=2)}\\n')"
   ]
  },
  {
   "cell_type": "markdown",
   "metadata": {},
   "source": [
    "б) норму Фробениуса."
   ]
  },
  {
   "cell_type": "code",
   "execution_count": 13,
   "metadata": {},
   "outputs": [
    {
     "name": "stdout",
     "output_type": "stream",
     "text": [
      "Trial(Frobenius norm) = 11.045361017187263\n",
      "\n",
      "Check(Frobenius norm) = 11.045361017187261\n",
      "\n"
     ]
    }
   ],
   "source": [
    "F_norm = np.sqrt(np.sum(np.power(D, 2)))\n",
    "print(f'Trial(Frobenius norm) = {F_norm}\\n')\n",
    "print(f\"Check(Frobenius norm) = {np.linalg.norm(A, ord='fro')}\\n\")"
   ]
  },
  {
   "cell_type": "code",
   "execution_count": null,
   "metadata": {},
   "outputs": [],
   "source": []
  }
 ],
 "metadata": {
  "kernelspec": {
   "display_name": "Python 3",
   "language": "python",
   "name": "python3"
  },
  "language_info": {
   "codemirror_mode": {
    "name": "ipython",
    "version": 3
   },
   "file_extension": ".py",
   "mimetype": "text/x-python",
   "name": "python",
   "nbconvert_exporter": "python",
   "pygments_lexer": "ipython3",
   "version": "3.8.5"
  }
 },
 "nbformat": 4,
 "nbformat_minor": 4
}
